#000000 #7d7d7d 1 3
15
IMAGE -1 1012 161 856 336 images/cat.jpg
RECTANGLE -1 254 82 724 552 #000000 1 #fe251c 3
CIRCLE 0 387 232 46 #000000 1 #ffffff 3
CIRCLE 0 567 232 46 #000000 1 #ffffff 3
IRREGULAR_POLYGON 0 3 456 332 479 277 500 332 #000000 1 #fd890e 3
RECTANGLE 0 358 82 614 138 #000000 1 #20f6fe 3
LINE 0 328 190 409 161 #000000 0 #00ff00 3
LINE 0 579 167 649 203 #000000 0 #00ff00 3
IRREGULAR_POLYGON 0 7 602 234 594 247 579 247 571 234 579 222 594 222 602 233 #000000 1 #000000 3
IRREGULAR_POLYGON 0 7 422 235 414 249 397 249 389 235 397 222 414 222 422 234 #000000 1 #010101 3
IRREGULAR_POLYGON -1 4 298 429 345 507 581 507 637 426 #000000 1 #7d7d7d 3
LINE -1 366 430 367 506 #000000 0 #00ff00 3
LINE -1 449 429 450 505 #000000 0 #00ff00 3
LINE -1 535 429 531 507 #000000 0 #00ff00 3
IMAGE -1 1033 161 1268 271 images/dog.jpg
