#000000 #fd1717 1 3
12
RECTANGLE -1 75 106 210 170 #000000 0 #00ff00 3
RECTANGLE 0 256 107 406 167 #000000 1 #00ff00 3
CIRCLE 0 126 279 55.5698 #000000 1 #00ff00 3
LINE 1 276 237 368 301 #000000 0 #00ff00 3
RECTANGLE 1 502 108 588 194 #55fff6 1 #fcbd0e 3
IRREGULAR_POLYGON 2 3 486 325 553 222 613 324 #000000 1 #fd271d 3
IRREGULAR_POLYGON 3 7 200 463 175 513 120 526 76 491 76 434 120 399 175 412 #51fefa 1 #c1ffb6 3
IRREGULAR_POLYGON 4 4 369 504 435 410 643 410 699 504 #0c16ff 1 #35fef8 3
IRREGULAR_POLYGON 4 4 907 259 849 317 790 259 849 200 #0c16ff 0 #35fef8 3
IMAGE 6 993 143 1168 325 images/cat.jpg
IMAGE 6 983 454 1187 569 images/dog.jpg
CIRCLE -1 848 259 43.1045 #1523fe 1 #fd1717 3
